1656584103466,664
1656584118578,869
1656584133588,811
1656584148594,826
1656584163609,675
1656584178619,556
1656584193626,557
1656584208635,627
1656584223640,592
1656584238658,713
1656584253661,585
1656584268666,499
1656584283669,448
1656584298676,393
1656584313746,585
1656584329877,866
1656584344887,1259
1656584359897,1120
1656584374924,996
1656584389934,856
1656584404959,757
1656584420028,640
1656584461380,423
1656584476528,547
1656584491741,456
1656584506770,406
1656584521782,352
1656584536794,341
1656584551829,388
1656621850036,360
1656623561519,377
1656623576572,433
1656623591592,477
1656623606600,721
1656623621609,626
1656623636629,524
1656623651646,437
1656623666657,363
1656623681662,318
1656623696675,323
1656623711681,415
1656623726688,438
1656623741698,401
1656623756713,451
1656623771718,683
1656623786730,861
1656623801737,1059
1656623816745,1290
1656623831749,1337
1656623846757,1196
1656623861773,1079
1656623876793,875
1656623891804,696
1656623906813,593
1656623921821,524
1656623936835,468
1656623951860,402
1656623966884,393
1656623981894,486
1656623996905,452
1656624011915,366
1656624026925,381
1656624041932,303
1656624056942,300
1656624089858,348
1656624104914,400
1656624119926,375
