1656584103466,5112000
1656584118578,6351000
1656584133588,7334000
1656584148594,13936000
1656584163609,15399000
1656584178619,16735000
1656584193626,17550000
1656584208635,18180000
1656584223640,20841000
1656584238658,21555000
1656584253661,22152000
1656584268666,23347000
1656584283669,23815000
1656584298676,24353000
1656584313746,24936000
1656584329877,25664000
1656584344887,26233000
1656584359897,26969000
1656584374924,28343000
1656584389934,29704000
1656584404959,30616000
1656584420028,32649000
1656584461380,5572000
1656584476528,6232000
1656584491741,7477000
1656584506770,8523000
1656584521782,9893000
1656584536794,10576000
1656584551829,11368000
1656621850036,10576000
1656623561519,6580000
1656623576572,6943000
1656623591592,7507000
1656623606600,8071000
1656623621609,9113000
1656623636629,10490000
1656623651646,10902000
1656623666657,11214000
1656623681662,14527000
1656623696675,14899000
1656623711681,15379000
1656623726688,16194000
1656623741698,16848000
1656623756713,17887000
1656623771718,18589000
1656623786730,19194000
1656623801737,19659000
1656623816745,20050000
1656623831749,20424000
1656623846757,20887000
1656623861773,21462000
1656623876793,23560000
1656623891804,24146000
1656623906813,24498000
1656623921821,25735000
1656623936835,26922000
1656623951860,29053000
1656623966884,29801000
1656623981894,31032000
1656623996905,31992000
1656624011915,32691000
1656624026925,38655000
1656624041932,40841000
1656624056942,42401000
1656624089858,5622000
1656624104914,6420000
1656624119926,7058000
