1656584103466,58458112
1656584118578,58720256
1656584461380,60227584
1656621850036,60096512
1656623561519,58785792
1656623576592,58785792
1656623591592,59047936
1656623651657,59047936
1656623666657,59179008
1656623741713,59179008
1656623756713,59244544
1656623891813,59244544
1656623906813,59310080
1656623921821,59375616
1656623936835,59441152
1656623951860,59506688
1656623966894,59506688
1656623981894,59572224
1656624026932,59572224
1656624041932,59637760
1656624089858,59179008
1656624104914,60489728
