1656584103466,23858
1656584118578,38863
1656584133588,53868
1656584148594,68874
1656584163609,83894
1656584178619,98900
1656584193626,113903
1656584208635,128906
1656584223640,143923
1656584238658,158929
1656584253661,173935
1656584268666,188996
1656584283669,204005
1656584298676,219011
1656584313746,234017
1656584329877,249019
1656584344887,264024
1656584359897,279031
1656584374924,294040
1656584389934,309045
1656584404959,324051
1656584420028,339082
1656584461380,25368
1656584476528,40378
1656584491741,55386
1656584506770,70389
1656584521782,85394
1656584536794,100396
1656584551829,115401
1656621850036,23485
1656623561519,24295
1656623576572,39300
1656623591592,54307
1656623606600,69309
1656623621609,84315
1656623636629,99323
1656623651646,114328
1656623666657,129336
1656623681662,144341
1656623696675,159347
1656623711681,174352
1656623726688,189360
1656623741698,204363
1656623756713,219369
1656623771718,234372
1656623786730,249374
1656623801737,264380
1656623816745,279385
1656623831749,294387
1656623846757,309400
1656623861773,324406
1656623876793,339413
1656623891804,354419
1656623906813,369424
1656623921821,384431
1656623936835,399436
1656623951860,414445
1656623966884,429451
1656623981894,444452
1656623996905,459455
1656624011915,474460
1656624026925,489483
1656624041932,504493
1656624056942,519499
1656624089858,23304
1656624104914,38312
1656624119926,53318
