1656584103466,4229000
1656584118578,4646000
1656584133588,4943000
1656584148594,6373000
1656584163609,7012000
1656584178619,7361000
1656584193626,7605000
1656584208635,7765000
1656584223640,8734000
1656584238658,8899000
1656584253661,9140000
1656584268666,9682000
1656584283669,9798000
1656584298676,9908000
1656584313746,10048000
1656584329877,10220000
1656584344887,10348000
1656584359897,10539000
1656584374924,10755000
1656584389934,11019000
1656584404959,11255000
1656584420028,11718000
1656584461380,4648000
1656584476528,4825000
1656584491741,5087000
1656584506770,5390000
1656584521782,5695000
1656584536794,5907000
1656584551829,6156000
1656621850036,4786000
1656623561519,5518000
1656623576572,5640000
1656623591592,5797000
1656623606600,5941000
1656623621609,6242000
1656623636629,6673000
1656623651646,6929000
1656623666657,7108000
1656623681662,9881000
1656623696675,10112000
1656623711681,10255000
1656623726688,10537000
1656623741698,10739000
1656623756713,10985000
1656623771718,11275000
1656623786730,11480000
1656623801737,11653000
1656623816745,11771000
1656623831749,11893000
1656623846757,12026000
1656623861773,12177000
1656623876793,12583000
1656623891804,12850000
1656623906813,13022000
1656623921821,13220000
1656623936835,13543000
1656623951860,13876000
1656623966884,14115000
1656623981894,14483000
1656623996905,14782000
1656624011915,14988000
1656624026925,15678000
1656624041932,16268000
1656624056942,16856000
1656624089858,4476000
1656624104914,4740000
1656624119926,4915000
