1656584103466,56686416
1656584118578,56875248
1656584133588,56940432
1656584148594,56960616
1656584163609,57049424
1656584178619,57016992
1656584193626,57028192
1656584208635,57208800
1656584223640,57237000
1656584238658,57239240
1656584253661,57242432
1656584268666,57245496
1656584283669,57247928
1656584298676,57251576
1656584313746,57254520
1656584329877,57265728
1656584344887,57279312
1656584359897,57283280
1656584374934,57283280
1656584389934,57292696
1656584404959,57306352
1656584420028,57308336
1656584461380,58446072
1656584476528,58642960
1656584491741,58714376
1656584506770,58729736
1656584521782,58777888
1656584536794,58811792
1656584551829,58905440
1656621850036,58348640
1656623561519,57062944
1656623576572,57214112
1656623591592,57291008
1656623606600,57202592
1656623621609,56903856
1656623636629,56944480
1656623651646,57020080
1656623666657,57355952
1656623681662,57391456
1656623696675,57397584
1656623711688,57397584
1656623726688,57432176
1656623741698,57569496
1656623756713,57617392
1656623771718,57635704
1656623786730,57698936
1656623801737,57739936
1656623816745,57863280
1656623831749,57863984
1656623846757,57892720
1656623861773,57908136
1656623876793,57929344
1656623891804,57938432
1656623906813,57975096
1656623921821,58076072
1656623936835,58172416
1656623951860,58200672
1656623966884,58216808
1656623981894,58225688
1656623996905,58237208
1656624011915,58242104
1656624026925,58288040
1656624041932,58318416
1656624089858,57508800
1656624104914,58655592
1656624119926,58757192
