1656584103466,62878224
1656584118578,72897464
1656584133588,73668184
1656584148594,76750984
1656584163609,78292968
1656584178626,78292968
1656584193626,89379904
1656584268669,89379904
1656584283669,95071808
1656584344897,95071808
1656584359897,95842704
1656584374924,100052672
1656584389934,110369720
1656584404959,114994232
1656584420028,116535760
1656584461380,81644784
1656584476528,116416808
1656584491741,139852936
1656584506770,168446808
1656584521782,194244904
1656584536794,217681032
1656584551829,62453608
1656621850036,79654568
1656623561519,73305952
1656623576572,107464608
1656623591592,133314352
1656623606600,161902000
1656623621609,187752016
1656623636629,212870288
1656623651646,55536880
1656623666657,87811944
1656623681662,115969928
1656623696675,139670344
1656623711681,168132088
1656623726688,193778736
1656623741698,217322680
1656623756713,244298696
1656623771718,271754592
1656623786730,298457096
1656623801737,60298872
1656623816745,88098064
1656623831749,115483136
1656623846757,144749160
1656623861773,168352432
1656623876793,191955704
1656623891804,221550880
1656623906813,245154152
1656623921821,269167872
1656623936835,299583504
1656623951860,40793104
1656623966884,69823752
1656623981894,97155504
1656623996905,122400008
1656624011915,150954312
1656624026925,176400128
1656624041932,201457248
1656624056942,226455192
1656624089858,81592272
1656624104914,121663104
1656624119926,147278840
